36870
36882
36884
36894
36901
36904
36908
36917
36921
36924
36927
36934
36936
36950
36955
36959
36966
36977
36984
37001
37010
37017
37018
37022
37028
37029
37034
37038
37048
37058
37071
37079
37088
37092
37102
37140
37145
37147
37158
37169
37171
37175
37178
37179
37181
37188
37190
37195
37199
37200
37207
37215
37218
37223
37226
37228
37233
37247
37248
37252
37256
37267
37275
37276
37291
37302
37303
37314
37319
37321
37328
37331
37339
37347
37350
37356
37368
37372
37374
37378
37379
37380
37389
37406
37409
37425
37426
37430
37434
37438
37441
37445
37448
37450
37458
37459
37465
37473
37484
37489
37531
37549
37556
37559
37577
37581
37600
37618
37622
37626
37629
37630
37633
37642
37656
37657
37663
37678
37680
37682
37694
37695
37702
37708
37711
37739
37742
37747
37748
37752
37764
37768
37777
37782
37784
37787
37805
37812
37954
38479
38505
38524
38536
38555
38556
38779
38808
38987
39030
39233
39237
39257
39265
39272
39282
39292
39311
39317
39340
39341
39349
39547
39968
40108
40199
40211
40354
40365
40375
40383
40746
40747
40749
40800
40802
40827
40999
41006
41046
41070
41102
41189
41230
41232
41433
41536
41574
41605
41622
41642
41692
41734
41737
41739
41759
41844
41850
41851
41892
41893
41903
41906
41929
41963
42329
42411
42522
42719
42818
43018
43083
43332
43565
44021
44048
44049
44052
44054
44061
44066
44081
44085
44086
44101
44105
44107
44133
44158
44160
44178
44189
44191
44192
44198
44199
44202
44203
44205
44207
44208
44212
44222
44223
44230
44232
44353
44519
44521
44523
44526
44772
45022
45025
45042
45082
45235
45387
45404
45446
46264
46537
48742
48846
49010
49187
49285
49602
49888
49912
88
1417
2252
2255
9811
15521
27392
35546
35778
40721
45418
9745
23156
25701
1244
1797
1890
2276
6894
7261
13387
21077
22615
24619
24740
27388
47810
93
728
758
783
795
1317
4053
12597
13580
14318
15646
17503
17995
20456
20489
22626
24203
24208
24212
24218
24227
24235
24243
24335
28731
29594
29612
30229
33051
38039
38743
40808
43069
49679
94
96
97
99
100
102
103
104
105
106
107
108
109
110
111
112
113
114
115
116
118
119
120
121
122
123
124
126
127
129
130
131
132
133
136
137
138
139
140
141
142
143
144
145
146
147
148
149
151
152
153
154
155
156
157
158
159
160
161
162
163
164
165
166
167
168
169
170
171
172
173
181
182
192
30620
30656
179
196
3436
5937
7468
7985
11841
20003
29784
32198
35679
35740
41765
43140
44279
44505
49909
221
6318
25740
704
1404
13797
23793
33761
35567
45442
47748
48226
48538
15757
25168
41450
46910
178
184
6214
15356
15750
19012
25184
29783
29828
32072
43608
45131
10375
10615
12766
13818
16624
19093
19105
19219
28224
29447
30608
33269
39633
39647
41529
48569
21271
4725
10606
11717
13661
17289
33194
33641
35783
35832
189
5172
13572
19109
20074
32039
34323
240
245
2421
3298
5536
17150
17942
20513
25200
32491
34194
42056
220
43031
44575
3574
24568
5093
15156
16906
16915
18045
18074
19668
23184
25573
25857
25912
27030
28789
34809
35118
43228
43456
49699
1535
1609
7508
7810
8675
11086
11087
11088
16519
32310
32779
33231
35579
38158
39120
42263
16875
17349
20529
20546
23168
23998
32727
34704
43165
3233
11165
13801
13832
14027
19032
19063
19091
19114
19992
20458
22312
23519
23597
24611
41087
41440
43149
45161
35619
30442
31166
2505
6160
6207
12576
19033
19107
32085
38749
44583
10681
1772
7204
7211
7462
12672
30062
48443
13510
18150
19996
19999
20575
25505
28539
33276
35079
40633
45764
49543
49550
9786
15630
20590
22638
25730
25734
25739
28712
30045
41788
42716
42724
185
7272
7345
12249
15141
21149
29810
42317
43145
43224
46909
48793
2527
13207
15304
26366
30067
38741
40658
42689
44370
44816
48379
38742
15381
16862
26904
35685
35705
43304
9787
12566
34390
43056
43914
1397
1421
1787
2547
4494
4516
7279
8287
9144
12466
17198
17200
17871
17884
25737
29934
33233
44849
47441
5320
12624
30141
34009
38937
43401
45051
2585
2747
12585
25727
27080
33853
44578
243
1228
2680
2687
3743
4185
4934
5005
6108
6174
7429
7459
7918
8323
8501
9153
9170
9174
9221
9612
10842
10935
12004
12122
12226
13017
13205
13501
14567
16993
17041
17046
17048
17070
17881
18819
20480
22307
24352
24356
26825
26869
26872
26877
26883
26891
28899
29719
29772
29775
29808
29817
29819
29825
29836
29846
29859
29867
29868
30115
30808
31231
31251
36270
41400
41506
41885
43119
43120
43122
43124
43125
43126
43127
43128
43129
43130
43131
43132
43133
43134
43135
43136
43138
43139
43141
43142
43143
43144
43146
43147
43148
43150
43151
43153
43154
43155
43156
43157
43158
43159
43160
43161
43162
43163
43164
43166
43167
43168
43169
43170
43171
43172
43174
43175
43176
43177
43178
43179
43180
43181
43182
43183
43184
43185
43186
43187
43188
43189
43190
43191
43192
43193
43194
43195
43196
43197
43198
43199
43200
43201
43202
43203
43204
43205
43206
43207
43208
43209
43210
43211
43212
43213
43214
43215
43216
43217
43218
43219
43220
43221
43222
43223
43225
43226
43227
43229
43230
43231
43232
43233
43234
43235
43236
43237
43238
43239
43240
43241
43242
43243
43244
43245
43246
43247
43248
43249
43250
43251
43252
43253
43254
43255
43256
43257
43258
43259
43260
43261
43263
43264
43265
43266
43267
43268
43269
43270
43271
43272
43273
43274
43275
43276
43277
43278
43280
43281
43282
43283
43284
43285
43286
43287
43288
43289
43290
43291
43292
43293
43294
43295
43296
43297
43298
43299
43300
43301
43302
43303
43305
43306
43307
43308
43309
43310
43311
43312
43313
43314
43315
43316
43317
43318
43319
43320
43321
43322
43323
43324
43325
43326
43327
43328
43329
43330
43331
43333
43334
43335
43336
43337
43338
43339
43340
43341
43342
43343
43344
43345
43346
43347
43348
43349
43350
43351
43352
43353
43354
43355
43356
43357
43358
43359
43360
43361
43362
43363
43364
43365
43366
43367
43368
43369
43370
43371
43372
43373
43374
43375
19095
13834
38693
14514
20486
31347
42733
43513
43584
1435
1790
37960
11189
12572
42960
3646
9563
14038
14204
20070
25228
34250
34267
34274
34407
35747
44364
11848
16612
6185
12591
18803
45457
3250
12678
13669
17935
18857
21252
23367
25695
25696
25697
25698
25699
25700
25702
25703
25704
25705
25706
25707
25708
25709
25710
25711
25712
25713
25714
25715
25716
25717
25718
25719
25720
25721
25722
25723
25724
25725
25726
25728
25729
25731
25732
25733
25735
25736
25738
25741
25742
6962
23722
24639
32412
34106
38201
38210
38283
40038
45402
46505
25137
11875
20457
48122
48144
49944
9826
9831
9851
9866
27387
5662
12645
17036
18297
19358
20506
24371
28050
32643
42982
44358
44384
45288
