0
1
2
3
4
5
6
7
8
9
10
11
12
13
14
15
16
17
18
19
20
21
22
23
24
25
26
27
28
29
30
31
32
33
34
35
36
37
38
39
40
41
42
43
44
45
46
135
2409
8715
8932
10623
12347
12846
13840
13845
14005
20075
21556
22939
23520
28193
29724
29791
29826
30691
31232
31435
32317
32489
34394
35589
35605
35606
35613
35633
35648
35678
38737
43447
44846
44887
49226
49985
117
1220
2755
12453
24539
24714
41456
45046
49927
55
1532
12636
13185
27552
72
80
15326
19068
19079
24596
42697
46126
2022
23527
30257
32503
41457
43262
49574
98
2203
3238
5040
8795
9843
9847
15294
17874
18286
18311
18320
20553
35699
35776
38736
38750
38800
31993
40218
40433
85
24777
6085
18972
19269
6027
13793
23557
29581
35477
35617
1754
7789
11142
12633
17898
19049
22486
26970
27554
27585
27591
27679
29576
32631
34906
41444
1085
7714
29379
35195
43121
12584
32064
89
12570
19044
29319
95
128
134
150
6157
7284
20016
20533
20599
42704
49678
2406
2411
12562
439
1100
1694
1705
2413
2644
2646
2659
2678
3734
3926
7463
9892
10240
13076
18163
19388
20290
23202
23512
25195
25239
25256
26887
27736
27808
29260
35585
44824
47445
52
91
2426
17025
17032
17033
20379
38841
9436
30156
43400
38774
18071
19051
34211
12647
18556
48041
83
15520
573
1495
1841
6169
18591
19565
26948
29688
29689
29693
29694
29697
29700
29707
29714
30940
34892
34905
41684
49247
90
92
2188
2246
12561
19130
22649
27383
27888
34875
40158
40688
44005
15317
19083
29251
38192
956
7323
8804
13117
17915
38782
41432
42001
2572
2914
7327
9983
17199
17203
43279
29521
4389
8737
8859
10790
13344
16163
16165
18843
24731
34957
38300
39500
16514
15234
23717
23756
23762
23768
23780
23785
23792
23807
23830
9156
32042
32300
1388
9796
24851
33447
38813
42150
42695
47
37953
48
49
33256
43137
50
6319
23556
51
63
67
1196
1814
2006
2791
2897
3400
4264
5038
5148
9504
9822
12640
13650
13655
13889
14049
14391
14969
15285
17880
18283
18294
18581
18614
18654
19513
20567
20615
21163
21565
28332
29382
34280
35533
38626
40300
40429
40472
41628
41767
42013
42699
43892
44359
46050
48736
53
1845
1884
4818
14265
20209
30040
31337
54
22773
56
58
57
59
60
8136
61
11599
45011
62
1366
1394
24903
29577
30223
33212
33272
38302
15289
24521
64
84
337
339
352
371
451
1324
8135
8426
11839
12143
13112
13557
13596
17434
23297
24209
25212
29478
30324
32964
33198
33786
35442
43152
43515
46281
47681
48029
48908
65
19467
66
28203
68
69
2905
4717
9774
10383
14290
24773
40463
43173
70
41507
43380
71
125
73
1838
6477
7527
9781
15486
17552
26362
40448
47617
49616
74
450
2063
2084
2552
3894
5274
6479
6525
10185
13215
13915
19917
20561
21162
21295
23718
25182
25210
25262
27597
32347
34870
35590
35992
42422
42426
42711
43004
43742
44357
44943
46291
75
101
2662
4778
24789
48865
76
77
12519
78
2580
14435
79
523
547
4032
10498
10506
12067
12195
14371
23384
35752
39162
40427
81
341
3503
3887
13578
33693
39738
43123
46781
82
1673
4839
5404
5957
9825
11865
12327
13495
13712
15860
16796
18588
22089
23165
24226
27881
28611
31932
38827
40700
6935
33123
343
663
23581
48844
86
87
476
962
1026
1029
1052
1078
1083
1084
1088
1113
1150
2215
2239
2641
2656
2657
3030
3458
3494
3736
3876
4143
4579
5438
5519
5561
5928
6541
6783
7299
7729
7858
8335
8667
8671
8774
8858
9166
9171
9639
9912
9995
9997
9998
9999
10001
10014
10018
10020
10023
10025
10038
10041
10042
10045
10048
10055
10058
10059
10063
10066
10077
10086
10089
10090
10099
10106
10108
10116
10130
10131
10775
10976
11008
13285
13656
13792
13870
13882
14240
14372
14794
14857
15278
15354
15741
16324
16691
16706
16714
17290
17328
17519
17634
17975
18008
18073
18086
18340
18507
18546
18638
18845
18916
18917
18963
19077
19365
19684
19878
20272
20283
20332
20352
20460
20473
20852
21429
21560
22333
22463
22519
22798
22815
22838
22927
23063
23065
23254
23259
23260
23266
23270
23290
23510
23514
23517
23522
23542
23677
24222
24338
24786
24787
24788
25175
25178
25185
25193
25224
25245
25405
25421
26419
26853
27099
27292
27536
27538
27539
27542
27547
27553
27577
27613
27615
27635
27655
27659
27671
27680
27741
27779
27794
27836
28719
28908
28918
29335
29429
29726
30207
30219
30220
30228
30305
30307
30692
30954
32010
32026
32146
32278
32469
32476
32490
32626
32929
32959
33377
34003
34144
34150
34164
34176
34218
34238
34296
34299
34449
34450
34528
34540
34693
34789
34909
34973
35179
35253
35545
35621
35695
35708
35724
36651
36672
36680
36685
36696
36699
36711
36712
36726
36727
36735
36740
36744
36749
36766
36780
36788
36790
36794
36806
36810
36816
36824
36826
36830
36848
36850
36858
36859
36862
